8 0.2958837716346154 0.34320175600961533 0.08922475961538467 0.07842537259615384
8 0.21974318870192305 0.3645555084134615 0.07188191586538462 0.08524095913461538
8 0.16567123197115385 0.3493695949519231 0.047112483173076924 0.0875834254807692
8 0.3462547740384615 0.2867766454326923 0.08618518749999998 0.0637837043269231
8 0.48003348437500004 0.320292671875 0.07642544951923075 0.07843147355769231
8 0.4138512355769231 0.25715788461538464 0.06639719230769237 0.06164941826923079
8 0.8448382055288461 0.8391163641826923 0.2124432524038462 0.25594703125000007
8 0.8285930432692308 0.35397108653846154 0.06820439903846154 0.06838861057692308
8 0.7299468137019232 0.3786106177884615 0.06733166586538464 0.06879189423076931
8 0.760940436298077 0.4193919242788462 0.07430382451923079 0.057761382211538426
8 0.3785813569711538 0.35635599639423077 0.07020350240384615 0.07522378605769237
8 0.49632641826923085 0.2691163990384615 0.10640334134615387 0.04702927403846155
8 0.3262842848557692 0.3940941838942308 0.07211481971153849 0.04977840144230772
8 0.4705148173076923 0.8690630985576924 0.05004075480769232 0.07442902884615388
8 0.49001943149038457 0.9522949807692307 0.03045027644230769 0.08135727403846149
8 0.41047202884615386 0.8808130180288462 0.055324004807692284 0.07681329567307693
