8 0.32 0.4491193737980769 0.06666666826923084 0.11252446394230764
8 0.3636507932692308 0.49437377644230773 0.058730158653846176 0.11986301442307701
8 0.48587301562499996 0.44789628125000003 0.09047618990384615 0.10029354326923079
8 0.4826984134615384 0.5640900192307692 0.09365079326923076 0.14187866826923068
8 0.6168253978365386 0.6680528365384615 0.07936507932692305 0.13943248557692323
8 0.6485714290865385 0.6252446189903846 0.05714285817307696 0.1174168293269231
8 0.7823992127403846 0.8156443209134616 0.07866273317307693 0.100012122596154
8 0.8492625372596154 0.8383743485576922 0.06686332451923072 0.11516547596153848
8 0.950068830528846 0.9432355432692308 0.09541789663461542 0.10667959615384603
8 0.4146509338942308 0.5140926165865385 0.051130776442307624 0.13334949759615383
