8 0.2736547055288462 0.38262206129807697 0.08683984855769228 0.0803225360576923
8 0.2021794891826923 0.4145004387019231 0.07638191586538465 0.07941847836538457
8 0.14324585216346153 0.41004390625 0.04070624759615385 0.0882675817307692
8 0.3131069507211538 0.31546145312499996 0.08695766586538461 0.06109378605769228
8 0.45030898557692306 0.32538548557692304 0.07984705288461535 0.07103616346153846
8 0.3731623954326923 0.2755581802884615 0.06384639663461533 0.06428504807692303
8 0.8920732536057692 0.7694608449519231 0.21585349278846155 0.23486869951923073
8 0.7990189074519232 0.2995432139423077 0.06576711778846145 0.07373064423076925
8 0.7042005865384615 0.33887213341346156 0.06442499038461535 0.07613318028846155
8 0.7431732884615385 0.37538872956730773 0.07114437980769239 0.061321483173076896
8 0.35383265625 0.37915768870192307 0.07325383173076927 0.07559068509615385
8 0.4582121935096154 0.27432815504807695 0.10315409374999995 0.047409959134615376
8 0.31052279567307695 0.4254587872596154 0.07270531730769231 0.053353742788461556
8 0.5364826850961539 0.8683228389423078 0.04708527884615388 0.07578146634615379
8 0.5665915120192307 0.9484727199519231 0.03987571634615383 0.07746565625000001
8 0.47747726201923074 0.8902482403846154 0.0642207259615385 0.07301826442307702
