8 0.7730975204326923 0.43484678725961534 0.05929837259615378 0.17475756971153844
8 0.09967017668269232 0.5821979699519231 0.0734928389423077 0.08221496394230776
8 0.2585160324519231 0.5587663846153845 0.07567966105769236 0.06270191346153842
8 0.5240341586538462 0.5841483774038462 0.08485249038461534 0.07414762499999994
8 0.17020727884615386 0.6647466213942308 0.05175622596153845 0.14029661778846148
8 0.847516673076923 0.5360544579326922 0.12593531250000012 0.13574694471153836
8 0.43849592788461533 0.6360032463942308 0.0440477403846154 0.07420953124999996
8 0.4670052728365385 0.6898723112980769 0.0637087572115384 0.06246108894230773
8 0.9422842860576923 0.5941371177884616 0.09269575480769232 0.08722185096153845
8 0.3250037367788462 0.753196109375 0.06886050240384617 0.0755529543269231
8 0.3958653425480769 0.762237891826923 0.061892867788461536 0.04793293750000005
8 0.8996727680288461 0.6706536971153847 0.08983068990384602 0.07631639903846155
8 0.3864978641826923 0.8161577259615385 0.0675446322115385 0.05012264903846153
8 0.7686674987980768 0.7499672211538462 0.08420399278846158 0.08014226442307693
8 0.8133051478365385 0.7789874783653845 0.07511643028846149 0.05606489903846146
