8 0.7194603930288461 0.6446248004807693 0.05979118028846153 0.06309937500000007
8 0.6665958016826923 0.6599690769230768 0.061062829326923196 0.10631569711538458
8 0.7327060084134616 0.717665703125 0.07834315144230763 0.0911549735576922
8 0.2878478485576923 0.7008091406250001 0.11313691346153848 0.12134335817307684
8 0.45574718389423075 0.8100734591346153 0.07270354567307696 0.07458434615384613
8 0.38904475120192306 0.8157942391826923 0.04192718028846154 0.08693281009615372
8 0.33807887019230765 0.8094852944711538 0.06351892788461538 0.11435187259615387
8 0.493372796875 0.8587819435096153 0.06846398317307689 0.061965507211538484
8 0.4263905757211538 0.8749894819711539 0.06352768990384622 0.06341740625000003
8 0.23947981850961536 0.8348631105769231 0.08215152644230769 0.10563575480769227
