14 0.5780002560096154 0.4150448858173077 0.06787255048076923 0.04549213701923077
14 0.5973936069711538 0.5064255072115385 0.028775228365384597 0.09973624519230762
14 0.5480533401442308 0.53400890625 0.06332493028846153 0.09982989423076921
14 0.6031195060096153 0.5897685649038462 0.043097483173076934 0.09189160576923083
14 0.6283537463942308 0.6025421322115385 0.04745412259615389 0.10604716346153842
14 0.6569747139423077 0.6194414387019231 0.03563144230769233 0.11226443028846156
14 0.5577584050480768 0.6674235072115384 0.03700939663461533 0.09196990384615378
14 0.40014287139423077 0.5674921658653846 0.038994189903846066 0.10926275000000008
14 0.339281234375 0.6895151826923076 0.03135245432692302 0.10542922115384601
14 0.45783888701923076 0.5426014723557693 0.05483021153846146 0.054828526442307735
14 0.4118851117788461 0.3839537800480769 0.052383060096153844 0.06705868509615381
14 0.5151694110576923 0.4268502980769231 0.059856418269230716 0.056631048076923096
14 0.34631463341346147 0.34002940504807694 0.07323879567307695 0.07240292548076921
14 0.2540662139423077 0.25664428125 0.07553274519230771 0.07511437980769231
14 0.09011085697115384 0.4025934050480769 0.07331089663461537 0.05048718990384615
14 0.273372421875 0.46070726322115385 0.055848449519230764 0.06724479086538465
14 0.6539997199519231 0.16059566225961538 0.06745943990384595 0.0528056466346154
14 0.7485611911057692 0.19257834254807693 0.05327203124999991 0.08048333413461536
14 0.6460099206730769 0.7450303425480769 0.06148240865384602 0.06125195432692321
14 0.6093149338942307 0.8150405709134616 0.07938504567307691 0.06082002644230766
14 0.6468453665865384 0.9484377259615384 0.07183958894230769 0.06604480288461545
14 0.11872111298076923 0.2859906754807693 0.06837307211538463 0.053528990384615394
14 0.9473385492788462 0.3978512896634615 0.06658131009615387 0.08487554086538457
14 0.17223784254807692 0.4976008870192308 0.0634767235576923 0.07184833653846162
