8 0.3143240516826923 0.480322140625 0.058007896634615363 0.11908392548076918
8 0.36623197475961544 0.5188251225961539 0.05443971394230768 0.11969581730769235
8 0.47810185937500005 0.45169224278846154 0.08740255048076923 0.0984942259615385
8 0.49047978846153845 0.5678461971153846 0.10964381730769224 0.12691184134615385
8 0.6431706875000001 0.6475560913461538 0.09684946153846152 0.1359360336538461
8 0.6627445865384616 0.5992984879807692 0.06290115865384616 0.11322398557692315
8 0.833446265625 0.759977061298077 0.07273123798076919 0.09773461298076924
8 0.9058721658653847 0.774463079326923 0.06584751923076926 0.11922120192307695
8 0.9869754771634616 0.867259983173077 0.026049045673076976 0.09427801923076917
8 0.4193630805288462 0.5297237007211538 0.06172134374999999 0.13405554567307693
