8 0.7281993365384616 0.38678107451923077 0.08645433173076933 0.08037833173076925
8 0.7991060048076923 0.41985653966346154 0.07692269230769233 0.07908562740384617
8 0.8583736225961538 0.41629299519230767 0.0407965288461537 0.088188125
8 0.6899107235576922 0.31863806490384616 0.08688928365384607 0.06075327403846148
8 0.5527716935096154 0.32619054807692305 0.08041021394230763 0.07017362019230772
8 0.6307140276442308 0.27778437259615385 0.06348281971153846 0.06444199519230767
8 0.10625540144230769 0.7620683461538462 0.21251080288461538 0.23247717307692295
8 0.20445553245192305 0.294409578125 0.06541172355769229 0.07414373317307693
8 0.2987251430288461 0.3351488052884615 0.06403421874999998 0.07674316826923078
8 0.25902072235576923 0.3711754603365385 0.07070737740384614 0.061576319711538485
8 0.6484092548076923 0.38178923918269236 0.07343739423076934 0.0757745552884615
8 0.5455482824519231 0.27561996875 0.10265431490384613 0.04814673557692306
8 0.6906797680288461 0.4287362379807692 0.0727693149038462 0.05362349038461539
8 0.45698318870192306 0.867629953125 0.04751187259615386 0.07579014182692312
8 0.42573796033653843 0.9473354939903846 0.04092908894230768 0.07694444951923063
8 0.5157505973557692 0.890541219951923 0.06500704567307686 0.07251423798076928
