8 0.6640735901442307 0.7145939326923076 0.049964949519230695 0.11447928365384608
8 0.599716359375 0.8591668269230769 0.0558444927884616 0.10412179326923088
8 0.6196209867788461 0.7672299375 0.06143538221153855 0.09973196153846153
8 0.687087001201923 0.6172291682692308 0.04815965624999985 0.08433175961538464
8 0.6816329951923077 0.5062854266826923 0.039701538461538455 0.11254542548076918
8 0.6448854314903847 0.5375359134615385 0.05111363221153842 0.09975581730769228
8 0.6167350733173078 0.6663768918269231 0.056279752403846195 0.08462860576923092
8 0.5787079435096154 0.7220916983173078 0.04387302163461537 0.09459473798076912
8 0.6139859603365385 0.9317412860576924 0.07146696394230778 0.06477938942307693
8 0.614323 0.09431417187499999 0.05986641826923067 0.09775971394230769
8 0.2086250769230769 0.5269576502403845 0.0633921201923077 0.0734124447115384
8 0.14551721995192307 0.4934090180288462 0.0617494014423077 0.04281690144230771
8 0.19961683533653846 0.6025690132211539 0.05596063701923076 0.07444674759615388
8 0.17023722115384615 0.6464257560096154 0.05050638461538459 0.06531529567307692
8 0.5852008016826924 0.45890413100961536 0.04495163701923077 0.07057208413461541
