8 0.4061169194711538 0.7526950576923077 0.06563134374999996 0.10937518749999986
8 0.5105015204326924 0.8734952211538461 0.057810257211538485 0.1044921875
8 0.46402632211538464 0.7903252391826923 0.06932108653846153 0.09950659855769228
8 0.35666456129807694 0.6682782367788462 0.060649031249999985 0.073383997596154
8 0.3304114915865385 0.5598716562499999 0.047182622596153856 0.1092308509615384
8 0.3694247920673077 0.5771369110576923 0.04465284374999995 0.1058103076923077
8 0.4348623918269231 0.6944339254807692 0.06300242307692311 0.08440549519230767
8 0.49186030408653847 0.7348968701923078 0.05311505048076931 0.09693120192307692
8 0.516621280048077 0.9489181274038461 0.07228213701923081 0.059086288461538516
8 0.27148394110576923 0.14713415024038462 0.07860208894230769 0.09168748317307693
8 0.7863336766826923 0.43988877884615385 0.06800855048076926 0.06881105288461536
8 0.8393907403846153 0.3909910709134615 0.05265085576923079 0.05429508894230772
8 0.8193572463942308 0.5122585252403846 0.05165323798076926 0.0815083822115385
8 0.8587146129807692 0.5450207524038462 0.040911918269230796 0.07075745673076927
8 0.4060454651442308 0.48312330889423083 0.060665637019230834 0.06050502644230776
