14 0.4226845564903846 0.5899404146634615 0.036201685096153846 0.052299689903846036
14 0.40770987860576924 0.5144088076923077 0.044894987980769296 0.03055653846153844
14 0.5298419146634615 0.6404084483173077 0.036055603365384714 0.05504017067307698
14 0.4504429302884615 0.6958042439903847 0.02672899038461546 0.04519150721153842
14 0.4386234639423077 0.7683102848557692 0.033483524038461554 0.049621454326923
14 0.30094363701923077 0.3762039242788462 0.03936256250000003 0.048406531249999996
14 0.32760510096153844 0.4370579855769231 0.021755052884615433 0.06448262500000002
14 0.3661260685096154 0.4479879266826923 0.04303639182692315 0.048424891826923055
14 0.4070134471153846 0.43157725240384615 0.023012985576923106 0.053624620192307626
14 0.37215042187499997 0.5230454110576923 0.0406226514423077 0.03651525
14 0.36388454567307693 0.6046163617788461 0.028282283653846163 0.060233896634615425
14 0.4499256947115384 0.5045254399038461 0.03657968269230766 0.03846810096153852
14 0.5570049831730769 0.5091736875 0.031125028846153757 0.05864009134615383
14 0.5205805444711539 0.49160339423076926 0.04068078605769232 0.04375646634615388
14 0.4701729423076923 0.638631046875 0.02943675961538461 0.04223294471153849
14 0.41870448197115384 0.6931929122596153 0.03830819471153846 0.04573144471153845
14 0.3059846033653846 0.6997734735576924 0.0302241971153846 0.054589418269230805
14 0.33916637980769226 0.6002724783653846 0.02696652884615386 0.054959682692307665
