14 0.43309608052884613 0.4047536262019231 0.06773267067307687 0.04384829086538461
14 0.40160176442307693 0.49418986658653846 0.027926206730769287 0.09952910336538456
14 0.44770587259615385 0.5278549879807692 0.05311075480769223 0.10453896634615384
14 0.38671974399038456 0.5763712391826923 0.03572919951923076 0.09393952163461539
14 0.36001772716346153 0.5862505625000001 0.03777585336538458 0.10953360576923077
14 0.3298078665865385 0.5992329447115384 0.031183968750000013 0.11452825
14 0.42236859375 0.6596413774038462 0.039858701923076945 0.09213948557692309
14 0.5903254663461539 0.5792205444711538 0.030543250000000022 0.11138959855769226
14 0.6360308593749999 0.7068423665865384 0.02623302644230774 0.10590555528846146
14 0.5372026490384615 0.5466461430288462 0.05863014903846153 0.04998322836538471
14 0.6009479555288462 0.3954771430288462 0.058859776442307776 0.060335213942307675
14 0.4911956610576923 0.4252022115384615 0.06098643749999999 0.05367352403846154
14 0.6726819471153846 0.36028816586538465 0.06968057692307694 0.07938475
14 0.7740236490384615 0.28869273918269234 0.07106231730769241 0.08119009375
14 0.9197864411057692 0.4530744387019231 0.07348458413461545 0.05528566105769234
14 0.7300558341346153 0.4884465588942307 0.05002037980769225 0.0707801129807692
14 0.38852487139423075 0.14393292548076925 0.07147757451923081 0.05225095673076925
14 0.2908971262019231 0.16493010096153846 0.061513805288461565 0.07668283653846153
14 0.3253869326923077 0.7254839302884615 0.05964981250000001 0.06544867788461539
14 0.35443150240384613 0.7992593509615384 0.07464309615384618 0.06517186538461528
14 0.3012148125 0.9274312824519231 0.06808283173076923 0.0716330985576924
14 0.9045345120192307 0.3339674711538462 0.06474525961538469 0.060192894230769234
14 0.06839999639423076 0.3439310745192308 0.061840137019230766 0.09036142307692313
14 0.8257758112980769 0.5373098497596154 0.06751567067307684 0.0665326995192308
