8 0.31592328125 0.46771547235576927 0.06169893750000005 0.11688558894230777
8 0.3647045637019231 0.509071765625 0.0563628629807692 0.12020190144230769
8 0.48114332211538463 0.44999021875 0.08895776923076915 0.09957820673076923
8 0.4873190096153846 0.566211108173077 0.10362129326923075 0.13263961538461533
8 0.6331124819711539 0.6563309507211539 0.09018092548076928 0.13783906971153848
8 0.656908094951923 0.6105768004807692 0.058063872596153754 0.1143408269230769
8 0.8141628076923076 0.7836769639423078 0.07538068750000004 0.0976141826923077
8 0.8846197391826922 0.8011434146634615 0.06649704086538455 0.11802914663461528
8 0.9734649759615385 0.8958783966346154 0.05307004807692306 0.10722025480769237
8 0.41756946274038464 0.5235535096153846 0.053743353365384605 0.13426349519230762
