12 0.41861740384615387 0.6011339411057692 0.23328100000000007 0.18751151201923077
12 0.5945857812500001 0.39551859134615386 0.15909524519230778 0.31731941826923077
12 0.4534023990384616 0.37238992427884615 0.16691716346153856 0.18824348317307693
12 0.76136225 0.5096917187500001 0.1688356874999999 0.16104568750000003
12 0.1608518497596154 0.19506319350961537 0.18889915625000003 0.21961740144230768
12 0.26457715264423076 0.14044838221153846 0.14976131009615387 0.12422089903846155
12 0.4874910456730769 0.1467099278846154 0.21964385096153838 0.19651438461538462
12 0.7420846201923077 0.6812059675480769 0.13661302884615378 0.13691190624999994
12 0.785559736778846 0.8617487391826923 0.11153864663461543 0.1297531033653846
12 0.1278148545673077 0.3348101418269231 0.17676556971153848 0.17842731250000002
