8 0.21689869471153844 0.5114615817307693 0.07512124519230767 0.17012262980769238
8 0.9076019266826924 0.4688648149038462 0.059236588942307655 0.0887087115384616
8 0.7473825576923077 0.4899312235576923 0.07165652403846146 0.0631894230769231
8 0.49857262259615387 0.5907514375 0.09292169711538462 0.059491966346153946
8 0.8634205504807693 0.566902109375 0.04446371634615376 0.1452916947115384
8 0.17784646754807693 0.6321753389423077 0.13724864182692303 0.11302472596153845
8 0.5954017163461538 0.6107039759615385 0.05612675480769225 0.06941324999999998
8 0.5833782548076923 0.672049139423077 0.058342913461538526 0.06582485096153834
8 0.09918975961538462 0.71220903125 0.10392896153846154 0.0819677307692307
8 0.7367629194711538 0.6964313076923077 0.07741041586538466 0.0695044374999999
8 0.6738878701923077 0.7260083245192308 0.06588415384615398 0.047400115384615416
8 0.1615297403846154 0.7756123461538461 0.09978182692307692 0.06897023076923081
8 0.6958734387019231 0.7721524122596154 0.06225493028846141 0.04817071875000001
8 0.31026169831730765 0.8154295096153845 0.09305847836538456 0.06590710096153851
8 0.27387200120192307 0.8597961310096154 0.0782617860576923 0.0487981418269231
