8 0.7780976887019231 0.4585220348557692 0.05995679567307688 0.17476760336538455
8 0.09465078966346153 0.547359140625 0.06828505528846154 0.08435698317307694
8 0.2546119122596154 0.5377342656249999 0.07504656971153845 0.061411887019230726
8 0.5171722512019231 0.5871341754807693 0.08795369951923077 0.06976480288461528
8 0.15817182451923079 0.6351995276442308 0.046263798076923074 0.14306066105769222
8 0.8420621514423077 0.5667520360576923 0.12971093269230782 0.1297084423076923
8 0.4283308653846154 0.6290367235576924 0.0460938221153846 0.07308889903846161
8 0.45079554927884613 0.685271155048077 0.06255002644230773 0.06291463221153848
8 0.9329048004807693 0.6322583882211539 0.09703035096153845 0.08474333413461543
8 0.3039956923076923 0.7367731550480769 0.07214539423076916 0.07305440625000004
8 0.3729303016826923 0.7531694435096155 0.06367750240384618 0.04782319951923075
8 0.8836954026442307 0.7054801478365385 0.09373570913461537 0.07424217548076928
8 0.35949392307692307 0.804912893028846 0.0664423653846154 0.049928670673076936
8 0.74597884375 0.7726903461538461 0.08771474519230771 0.07410056730769232
8 0.7879394014423076 0.8071686105769231 0.07585320673076923 0.05369256730769234
