14 0.6035664170673076 0.5579411069711538 0.043806435096153784 0.043552588942307624
14 0.58990559375 0.48065959735576924 0.04325733173076929 0.034892007211538456
14 0.5212446814903846 0.6402591454326922 0.02260697836538461 0.056962420673076886
14 0.6177695024038461 0.6639566213942307 0.03645152884615388 0.038813036057692374
14 0.6548326406249999 0.7293821225961539 0.024456819711538458 0.053422721153846275
14 0.6405628882211538 0.3160094675480769 0.028844170673076874 0.053460709134615425
14 0.6353858040865384 0.37989642067307694 0.02894566105769214 0.05938666826923078
14 0.6087246093750001 0.4047111658653846 0.02960355528846159 0.05499996153846154
14 0.5583029362980769 0.4024240540865385 0.027275338942307714 0.05214668990384619
14 0.6289384074519231 0.4764453725961538 0.03304294471153846 0.044810576923076884
14 0.6616736923076922 0.5494773545673077 0.0194617836538461 0.06194814663461534
14 0.5464533028846155 0.4866428293269231 0.042061187499999986 0.029246807692307697
14 0.4494483125 0.5285019050480769 0.02070797115384615 0.059723185096153764
14 0.47997484735576923 0.4998748076923077 0.045598425480769256 0.03459057692307688
14 0.5766938004807692 0.6174245745192308 0.021329975961538405 0.04645507211538458
14 0.6469262271634615 0.6491360889423077 0.04504449759615392 0.035146966346153774
14 0.7514445733173077 0.6200715216346153 0.04152635817307693 0.05022575961538456
14 0.6879114411057692 0.5338793088942307 0.03590933413461539 0.04787470432692298
