12 0.5716841947115384 0.6080286850961538 0.24038836538461544 0.18008598076923077
12 0.41341500961538463 0.3887348461538461 0.17857844230769226 0.3062770384615385
12 0.5558862800480769 0.37649272475961537 0.17630104567307692 0.18193170432692313
12 0.2386647331730769 0.4872760564903846 0.1746710673076923 0.1531665216346153
12 0.8656186490384615 0.2265224639423077 0.2026984038461539 0.20744285576923077
12 0.7652790360576924 0.1620195096153846 0.15374786057692302 0.1181573653846154
12 0.5451504471153846 0.15182088701923077 0.2287789182692308 0.18784850480769233
12 0.24350519230769233 0.6606841947115385 0.14523994711538463 0.1303706009615384
12 0.1860197079326923 0.8358584735576923 0.1175294543269231 0.12738420192307687
12 0.8841898185096153 0.36861377524038463 0.1884764110576923 0.16879825721153852
