8 0.25649319591346154 0.5973883942307692 0.06914961778846151 0.06071229326923078
8 0.303813578125 0.6211981622596154 0.07222449759615385 0.0959776850961539
8 0.22563740625 0.664600454326923 0.06867441346153846 0.09726128365384612
8 0.6639921730769232 0.7394732391826924 0.10025169711538473 0.1307368004807693
8 0.47676981370192306 0.814930483173077 0.07457837259615391 0.06816006249999995
8 0.5430903521634616 0.8306047860576923 0.0415865504807692 0.08874361057692304
8 0.5952211382211539 0.8362698485576923 0.060923593750000116 0.1176311394230769
8 0.43288313221153846 0.85079321875 0.06315456730769231 0.06727229326923079
8 0.49538585456730766 0.8819281298076923 0.06567856971153846 0.060023879807692415
8 0.6864956778846154 0.8829413798076924 0.0780614711538461 0.11145262980769244
