14 0.5587420444711538 0.3990073810096154 0.06919080528846155 0.043758997596153815
14 0.595706923076923 0.4857005108173077 0.032085524038461544 0.09888760817307696
14 0.5548491995192308 0.5231994855769231 0.045320793269230664 0.106951625
14 0.6197628653846153 0.5663002884615385 0.030635298076923112 0.09496181250000002
14 0.6470640540865384 0.573811546875 0.030598108173076954 0.11102626682692296
14 0.6776694098557693 0.5838741045673077 0.0312819399038462 0.11510090625000002
14 0.590920670673077 0.6526174495192307 0.041959889423076935 0.09141898076923083
14 0.41762757812500007 0.586884421875 0.027863069711538457 0.11189297836538459
14 0.38439258533653853 0.7174869663461538 0.027204122596153846 0.10556394711538464
14 0.4668134639423077 0.5498250060096154 0.06107236057692306 0.04748632451923074
14 0.3903264146634615 0.404673078125 0.06389435817307698 0.05497565144230765
14 0.5041718737980769 0.42510527644230767 0.061237411057692315 0.05186477884615376
14 0.3153101298076923 0.37605277043269236 0.06649929326923076 0.08365259374999995
14 0.20839115504807693 0.31354292307692305 0.0672160360576923 0.08479343269230766
14 0.07699419471153847 0.4889991213942308 0.07298464423076922 0.05942404567307691
14 0.2695942079326923 0.5083900685096154 0.04539540625000002 0.07266178125
14 0.5800449254807692 0.13596234375 0.07369815384615386 0.05276264903846155
14 0.6789736141826923 0.14821845192307692 0.06684597836538453 0.07326431249999998
14 0.6934735540865384 0.7094451550480769 0.057794257211538524 0.06785206009615385
14 0.6707038413461539 0.7846158233173077 0.07164642788461528 0.06946656490384606
14 0.7341142295673078 0.9085033701923078 0.06477415625000005 0.07497517307692314
14 0.082529875 0.36979529447115383 0.06155929326923077 0.06440871394230774
14 0.9160035216346154 0.3067954855769231 0.058680206730769235 0.09345915384615389
14 0.1792243858173077 0.5660497572115385 0.07099406971153846 0.06348857211538461
