14 0.566065704326923 0.5981204435096155 0.032528024038461556 0.05370316105769224
14 0.589906734375 0.5245235588942307 0.044946810096153755 0.030354516826923028
14 0.4536544014423077 0.6362412115384615 0.0405422307692308 0.052733014423076985
14 0.5245117199519231 0.7007524350961538 0.023339233173076956 0.04600302403846146
14 0.5280880877403846 0.7732966730769231 0.0363105456730769 0.047221115384615486
14 0.7120110625 0.4003930697115385 0.043671413461538466 0.045233586538461545
14 0.6804550817307693 0.45838762379807696 0.02480343269230778 0.06427847355769234
14 0.638335875 0.46462064903846156 0.04644925 0.04544059615384616
14 0.6017999038461539 0.4427827788461538 0.026334192307692184 0.054044322115384624
14 0.6238950084134616 0.5380153100961539 0.0424927908653846 0.03296724519230776
14 0.623211001201923 0.6202245745192307 0.030679983173076963 0.05784144711538464
14 0.5497490817307693 0.5103439615384615 0.034165024038461556 0.04098858173076925
14 0.4429028834134615 0.5023251995192308 0.03559748317307687 0.05651015865384623
14 0.47984884495192304 0.4893215456730769 0.03778636298076926 0.04675646153846158
14 0.5134195300480769 0.6412255168269232 0.03282704567307687 0.040433514423076855
14 0.5564821201923077 0.7023715048076923 0.035522158653846114 0.047957067307692336
14 0.6682201466346154 0.7212215600961538 0.027929269230769105 0.05512429326923074
14 0.6473054627403846 0.6197677163461538 0.024706978365384602 0.055859298076923025
