8 0.26154046033653844 0.6098181466346154 0.06707949759615381 0.06128979807692314
8 0.3104518882211539 0.6314469050480769 0.06971316586538462 0.09895374278846159
8 0.23499009735576926 0.6786379915865384 0.0713918918269231 0.09612590625000006
8 0.6768631382211538 0.7307297211538462 0.10376784855769228 0.12891224038461524
8 0.4936608269230769 0.8146544194711538 0.07441446634615384 0.06935033413461533
8 0.5603514170673076 0.8282421298076923 0.04184405528846147 0.08865432692307695
8 0.6127320528846154 0.8310486586538461 0.06117299038461543 0.11702714423076932
8 0.45116893028846156 0.8542530264423077 0.06475190865384617 0.0662143125000001
8 0.5150573942307692 0.8818048449519231 0.06540841826923072 0.061034295673077055
8 0.7060239771634615 0.8725187524038462 0.07874036778846172 0.11004707211538467
